010 000 101 0000000000010101 (8716309)
010 000 001 0000000000010111 (8454167)
010 000 010 0000000000010101 (8519701)
101 010 100 0000000000000000 (22282240‬)
010 000 101 0000000000010001 (8716305)
010 000 001 0000000000010011 (‭8454163‬)
010 000 010 0000000000010001 (8519697)
101 010 100 0000000000000000 (‭22282240‬)
110 000 000 0000000000000000 (‭25165824‬)
011 111 100 0000000000010000 (‭16515088‬)
000 111 101 0000000000000111 (3997703‬)
011 111 001 0000000000001110 (16318478‬)
000 111 101 0000000000000111 (‭3997703‬)
000 001 001 0000000000000001 (‭589825‬)
000 001 001 0000000000000011 (‭589827‬)
010 000 010 0000000000000111 (‭8519687‬)
000 111 010 0000000000000111 (3801095)
010 111 001 0000000000001000 (‭12124168‬)
000 111 010 0000000000000111 (‭3801095‬)
010 111 100 0000000000000110 (‭12320774‬)
101 010 100 0000000000000000 (22282240‬)
1
-1
sub4n
10
0