010 000 010 0000000000010011 (8519699‬)
010 000 011 0000000000010001 (8585233)
010 000 100 0000000000010011 (8650771)
010 000 101 0000000000010010 (8716306)
010 000 110 0000000000010000 (8781840)
100 101 110 0000000000001011 (19791883)
000 000 000 0000000000000111 (7)
001 100 010 0000000000000111 (6422535)
001 111 111 0000000000000111 (8323079)
100 111 000 0000000000000010 (20447234)
000 011 001 0000000000000001 (1638401)
000 011 011 0000000000000011 (1769475)
000 000 000 0000000000000111 (7)
010 000 111 0000000000001000 (8847368)
000 101 111 0000000000000101 (3080197)
000 100 100 0000000000000100 (2359300)
100 000 000 1111111111110101 (16842741)
110 000 000 0000000000000000 (25165824)
32766 (111 1111 1111 1110)
10383 (10 1000 1000 1111‬)
16 (10000)
1 (1)